
                mean       std    median      5.0%     95.0%     n_eff     r_hat
      mu_1      3.60      0.00      3.60      3.60      3.60     33.10      1.06
      mu_2      2.28      0.00      2.28      2.28      2.28     11.87      1.07
      mu_3      1.34      0.01      1.34      1.33      1.36      3.03      1.91
      mu_4     -0.00      0.00     -0.00     -0.01     -0.00      3.58      1.58
     pi[0]      0.17      0.00      0.17      0.17      0.17      3.37      1.79
     pi[1]      0.17      0.00      0.17      0.17      0.17      3.28      1.91
     pi[2]      0.17      0.00      0.17      0.17      0.17      2.43      3.10
     pi[3]      0.17      0.00      0.17      0.17      0.17      3.17      2.00
     pi[4]      0.17      0.00      0.17      0.17      0.17      3.98      1.30
     pi[5]      0.17      0.00      0.17      0.17      0.17      7.46      1.00

Number of divergences: 500
