
                mean       std    median      5.0%     95.0%     n_eff     r_hat
      mu_1      3.60      0.00      3.60      3.60      3.60    162.89      1.02
      mu_2      2.66      0.24      2.75      2.29      2.88      2.07     11.44
      mu_3      1.36      0.10      1.31      1.23      1.50      2.03     19.95
      mu_4     -0.01      0.01     -0.01     -0.02      0.00      2.07      7.55
     pi[0]      0.17      0.00      0.17      0.17      0.17      2.03     10.62
     pi[1]      0.17      0.00      0.17      0.16      0.17      2.01     28.72
     pi[2]      0.17      0.00      0.17      0.17      0.17      2.36      4.56
     pi[3]      0.17      0.00      0.17      0.16      0.17      2.02     12.57
     pi[4]      0.17      0.00      0.17      0.16      0.17      2.12      6.37
     pi[5]      0.17      0.00      0.17      0.16      0.17      2.05     12.78

Number of divergences: 1707
