
                           mean       std    median      5.0%     95.0%     n_eff     r_hat
cov_eigen_values_1[0]      0.42      0.05      0.41      0.36      0.52     12.62      1.16
cov_eigen_values_1[1]      0.09      0.02      0.09      0.06      0.12     31.28      1.06
cov_eigen_values_1[2]      0.05      0.01      0.05      0.04      0.06     43.35      1.03
cov_eigen_values_1[3]      0.04      0.01      0.04      0.03      0.05    105.91      1.00
cov_eigen_values_1[4]      0.02      0.00      0.02      0.02      0.03    174.02      0.99
cov_eigen_values_1[5]      0.00      0.00      0.00      0.00      0.00     70.43      1.02
cov_eigen_values_1[6]      0.02      0.00      0.02      0.01      0.02    104.52      1.01
cov_eigen_values_1[7]      0.01      0.00      0.01      0.01      0.01     63.81      0.99
cov_eigen_values_2[0]      0.57      0.07      0.56      0.45      0.70      4.76      1.42
cov_eigen_values_2[1]      0.07      0.01      0.07      0.06      0.08    103.58      1.00
cov_eigen_values_2[2]      0.07      0.01      0.07      0.06      0.08     71.54      1.02
cov_eigen_values_2[3]      0.05      0.01      0.05      0.04      0.06    113.55      0.99
cov_eigen_values_2[4]      0.05      0.01      0.05      0.04      0.06    213.20      1.00
cov_eigen_values_2[5]      0.01      0.00      0.01      0.01      0.01    128.28      1.00
cov_eigen_values_2[6]      0.02      0.00      0.02      0.02      0.02     60.55      1.02
cov_eigen_values_2[7]      0.03      0.00      0.03      0.03      0.04    280.35      1.01
cov_eigen_values_3[0]      0.32      0.04      0.31      0.28      0.39     12.90      1.02
cov_eigen_values_3[1]      0.14      0.01      0.14      0.12      0.16     60.73      1.01
cov_eigen_values_3[2]      0.00      0.00      0.00      0.00      0.00    412.81      0.99
cov_eigen_values_3[3]      0.02      0.00      0.02      0.02      0.02    105.97      0.99
cov_eigen_values_3[4]      0.07      0.01      0.07      0.06      0.08    183.33      1.00
cov_eigen_values_3[5]      0.05      0.00      0.05      0.04      0.06    131.03      0.99
cov_eigen_values_3[6]      0.07      0.01      0.06      0.05      0.08    114.85      1.00
cov_eigen_values_3[7]      0.06      0.01      0.06      0.05      0.06    160.61      0.99
cov_eigen_values_4[0]      0.21      0.03      0.21      0.17      0.26     13.84      1.00
cov_eigen_values_4[1]      0.08      0.01      0.08      0.07      0.10     55.72      1.00
cov_eigen_values_4[2]      0.06      0.01      0.06      0.04      0.07     81.06      1.00
cov_eigen_values_4[3]      0.04      0.01      0.04      0.03      0.05    221.95      0.99
cov_eigen_values_4[4]      0.03      0.00      0.02      0.02      0.03    215.76      1.00
cov_eigen_values_4[5]      0.00      0.00      0.00      0.00      0.00    136.11      1.00
cov_eigen_values_4[6]      0.02      0.00      0.02      0.01      0.02    143.10      1.02
cov_eigen_values_4[7]      0.01      0.00      0.01      0.01      0.01    124.89      1.00
cov_eigen_values_5[0]      0.51      0.07      0.50      0.42      0.63      8.46      1.00
cov_eigen_values_5[1]      0.08      0.01      0.08      0.05      0.10     36.25      1.00
cov_eigen_values_5[2]      0.07      0.02      0.07      0.04      0.09     25.57      1.08
cov_eigen_values_5[3]      0.04      0.01      0.04      0.03      0.05     84.98      1.00
cov_eigen_values_5[4]      0.03      0.01      0.02      0.02      0.04     36.63      0.99
cov_eigen_values_5[5]      0.01      0.00      0.01      0.01      0.01    138.77      1.00
cov_eigen_values_5[6]      0.00      0.00      0.00      0.00      0.00     48.73      1.04
cov_eigen_values_5[7]     -0.00      0.00     -0.00     -0.00      0.00    158.28      0.99
cov_eigen_values_6[0]      0.14      0.02      0.14      0.11      0.16     41.48      1.00
cov_eigen_values_6[1]      0.04      0.01      0.04      0.03      0.05    321.03      0.99
cov_eigen_values_6[2]      0.02      0.00      0.02      0.02      0.03    157.89      0.99
cov_eigen_values_6[3]      0.02      0.00      0.02      0.01      0.02    110.76      0.99
cov_eigen_values_6[4]      0.01      0.00      0.01      0.01      0.02    134.58      0.99
cov_eigen_values_6[5]      0.00      0.00      0.00      0.00      0.00    112.91      1.00
cov_eigen_values_6[6]      0.00      0.00      0.00      0.00      0.00     67.78      1.00
cov_eigen_values_6[7]      0.00      0.00      0.00      0.00      0.00    144.80      0.99
       mean_data_1[0]      3.77      0.07      3.77      3.68      3.92      7.85      0.99
       mean_data_1[1]      0.46      0.01      0.46      0.43      0.47      9.48      1.03
       mean_data_1[2]     -0.38      0.02     -0.38     -0.41     -0.36     13.71      1.03
       mean_data_1[3]      0.13      0.01      0.13      0.11      0.15     31.68      1.04
       mean_data_1[4]     -0.04      0.01     -0.03     -0.05     -0.01     32.67      1.02
       mean_data_1[5]     -0.08      0.01     -0.08     -0.09     -0.07     45.83      1.00
       mean_data_1[6]      0.07      0.01      0.07      0.06      0.08     12.23      1.00
       mean_data_1[7]     -0.02      0.01     -0.02     -0.03     -0.01     56.39      0.99
       mean_data_2[0]      1.10      0.06      1.09      1.04      1.24      6.51      1.19
       mean_data_2[1]      0.56      0.01      0.56      0.55      0.57     70.39      1.00
       mean_data_2[2]     -0.52      0.01     -0.52     -0.54     -0.51     18.45      1.02
       mean_data_2[3]      0.01      0.01      0.00     -0.01      0.03     15.09      1.02
       mean_data_2[4]      0.05      0.01      0.05      0.03      0.06     38.47      1.00
       mean_data_2[5]      0.04      0.01      0.04      0.02      0.06     18.80      1.00
       mean_data_2[6]     -0.02      0.01     -0.02     -0.04     -0.01     52.92      1.00
       mean_data_2[7]      0.01      0.01      0.01      0.00      0.02     67.04      1.01
       mean_data_3[0]     -3.93      0.02     -3.93     -3.97     -3.89     10.78      1.15
       mean_data_3[1]     -0.45      0.01     -0.45     -0.46     -0.43     15.29      1.09
       mean_data_3[2]      0.10      0.01      0.10      0.08      0.12     10.61      1.21
       mean_data_3[3]      0.03      0.03      0.03     -0.01      0.08     10.13      1.22
       mean_data_3[4]      0.03      0.01      0.03      0.01      0.05     25.68      1.01
       mean_data_3[5]     -0.00      0.01     -0.01     -0.01      0.00     80.25      1.01
       mean_data_3[6]      0.01      0.01      0.01     -0.00      0.02     87.69      1.00
       mean_data_3[7]      0.00      0.01      0.00     -0.01      0.01     70.93      1.03
       mean_data_4[0]     -2.68      0.03     -2.68     -2.74     -2.63     16.27      0.99
       mean_data_4[1]     -0.02      0.01     -0.02     -0.04     -0.01     15.04      0.99
       mean_data_4[2]     -0.21      0.01     -0.21     -0.22     -0.19     27.18      0.99
       mean_data_4[3]     -0.08      0.01     -0.08     -0.10     -0.07     18.80      0.99
       mean_data_4[4]     -0.11      0.01     -0.11     -0.13     -0.09     19.88      1.00
       mean_data_4[5]     -0.01      0.01     -0.01     -0.02      0.01     39.19      1.02
       mean_data_4[6]     -0.02      0.01     -0.02     -0.04     -0.00     30.91      1.02
       mean_data_4[7]     -0.01      0.01     -0.01     -0.03      0.00     44.40      1.00
       mean_data_5[0]     -0.81      0.06     -0.82     -0.91     -0.71      6.38      1.00
       mean_data_5[1]      1.44      0.01      1.43      1.42      1.44      9.51      1.02
       mean_data_5[2]      1.08      0.01      1.08      1.07      1.10     11.78      0.99
       mean_data_5[3]     -0.02      0.01     -0.02     -0.03     -0.01     21.75      1.00
       mean_data_5[4]     -0.00      0.02     -0.00     -0.03      0.02     12.79      1.00
       mean_data_5[5]     -0.00      0.01      0.00     -0.03      0.02     16.44      1.00
       mean_data_5[6]     -0.01      0.01     -0.01     -0.03      0.00     20.35      1.00
       mean_data_5[7]      0.00      0.02     -0.00     -0.03      0.03     16.20      1.01
       mean_data_6[0]      6.85      0.00      6.85      6.85      6.86     67.95      1.02
       mean_data_6[1]     -0.66      0.02     -0.66     -0.69     -0.63     14.71      1.02
       mean_data_6[2]      0.29      0.01      0.29      0.27      0.31     14.55      1.00
       mean_data_6[3]     -0.04      0.01     -0.04     -0.05     -0.02     14.74      1.01
       mean_data_6[4]     -0.00      0.00     -0.00     -0.01      0.00    209.54      1.00
       mean_data_6[5]      0.01      0.01      0.01      0.00      0.02     27.32      1.01
       mean_data_6[6]     -0.01      0.01     -0.01     -0.02      0.00     15.58      1.02
       mean_data_6[7]      0.00      0.00      0.00     -0.00      0.00    112.71      1.00
                 mu_1      3.18      0.11      3.14      3.04      3.37      8.57      1.21
                 mu_2      2.91      0.06      2.89      2.83      3.01     71.39      0.99
                 mu_3      1.68      0.02      1.67      1.64      1.71    113.91      0.99
                 mu_4      0.06      0.05      0.05     -0.01      0.15     16.29      1.24

Number of divergences: 5
