
                           mean       std    median      5.0%     95.0%     n_eff     r_hat
cov_eigen_values_1[0]      0.43      0.02      0.43      0.40      0.45      7.93      1.10
cov_eigen_values_1[1]      0.09      0.01      0.09      0.07      0.10     12.27      1.03
cov_eigen_values_1[2]      0.05      0.01      0.05      0.04      0.06     27.13      1.01
cov_eigen_values_1[3]      0.04      0.00      0.04      0.03      0.05     12.39      1.22
cov_eigen_values_1[4]      0.03      0.00      0.03      0.02      0.03     16.50      1.02
cov_eigen_values_1[5]      0.00      0.00      0.00      0.00      0.00     92.28      1.02
cov_eigen_values_1[6]      0.02      0.00      0.02      0.02      0.03     38.80      0.99
cov_eigen_values_1[7]      0.01      0.00      0.01      0.01      0.01    111.36      0.99
cov_eigen_values_2[0]      0.53      0.02      0.53      0.49      0.55      4.07      1.66
cov_eigen_values_2[1]      0.07      0.01      0.07      0.06      0.08      7.92      1.05
cov_eigen_values_2[2]      0.06      0.01      0.06      0.05      0.08     17.26      1.03
cov_eigen_values_2[3]      0.04      0.01      0.04      0.03      0.05     18.98      1.02
cov_eigen_values_2[4]      0.04      0.01      0.04      0.03      0.04     11.16      1.09
cov_eigen_values_2[5]      0.00      0.00      0.00      0.00      0.00    168.03      0.99
cov_eigen_values_2[6]      0.01      0.00      0.01      0.01      0.01     46.00      1.01
cov_eigen_values_2[7]      0.01      0.00      0.01      0.01      0.01     67.17      1.02
cov_eigen_values_3[0]      0.32      0.02      0.32      0.30      0.36      4.86      2.19
cov_eigen_values_3[1]      0.15      0.01      0.15      0.13      0.16     18.37      1.01
cov_eigen_values_3[2]      0.00      0.00      0.00      0.00      0.00    150.60      1.02
cov_eigen_values_3[3]      0.02      0.00      0.02      0.02      0.02     89.82      0.99
cov_eigen_values_3[4]      0.07      0.00      0.07      0.06      0.08     18.84      1.06
cov_eigen_values_3[5]      0.05      0.00      0.05      0.05      0.06     27.30      1.29
cov_eigen_values_3[6]      0.06      0.00      0.06      0.06      0.07     13.61      1.11
cov_eigen_values_3[7]      0.06      0.00      0.06      0.05      0.06     36.13      0.99
cov_eigen_values_4[0]      0.65      0.02      0.65      0.61      0.68     10.24      1.23
cov_eigen_values_4[1]      0.08      0.01      0.07      0.06      0.09      7.07      1.13
cov_eigen_values_4[2]      0.06      0.00      0.06      0.06      0.07     29.06      1.00
cov_eigen_values_4[3]      0.06      0.01      0.06      0.05      0.06     25.31      1.00
cov_eigen_values_4[4]      0.05      0.00      0.05      0.04      0.05     37.08      1.00
cov_eigen_values_4[5]      0.03      0.00      0.03      0.03      0.04     31.44      1.04
cov_eigen_values_4[6]      0.01      0.00      0.01      0.01      0.01    173.16      0.99
cov_eigen_values_4[7]      0.02      0.00      0.02      0.02      0.02     85.43      1.00
cov_eigen_values_5[0]      0.21      0.02      0.21      0.18      0.23      6.92      1.36
cov_eigen_values_5[1]      0.06      0.00      0.06      0.06      0.07     32.15      1.02
cov_eigen_values_5[2]      0.05      0.01      0.05      0.04      0.06     35.78      1.02
cov_eigen_values_5[3]      0.00      0.00      0.00      0.00      0.00     95.68      1.00
cov_eigen_values_5[4]      0.01      0.00      0.01      0.01      0.02    112.74      1.02
cov_eigen_values_5[5]      0.03      0.00      0.03      0.02      0.03     25.74      1.00
cov_eigen_values_5[6]      0.04      0.01      0.04      0.04      0.05     14.18      1.02
cov_eigen_values_5[7]      0.04      0.00      0.04      0.03      0.05     36.32      1.07
cov_eigen_values_6[0]      0.14      0.02      0.13      0.11      0.16      4.74      1.44
cov_eigen_values_6[1]      0.04      0.00      0.04      0.04      0.05     37.95      0.99
cov_eigen_values_6[2]      0.03      0.00      0.03      0.03      0.04     28.84      1.00
cov_eigen_values_6[3]      0.02      0.00      0.02      0.02      0.02     84.79      1.01
cov_eigen_values_6[4]      0.01      0.00      0.01      0.01      0.01    122.01      1.02
cov_eigen_values_6[5]      0.01      0.00      0.01      0.00      0.01    147.27      1.01
cov_eigen_values_6[6]      0.00      0.00      0.00      0.00      0.00    115.34      1.00
cov_eigen_values_6[7]      0.00      0.00      0.00      0.00      0.00    100.86      1.04
       mean_data_1[0]      3.81      0.00      3.80      3.80      3.81     71.22      0.99
       mean_data_1[1]      0.43      0.00      0.43      0.43      0.44     28.94      1.16
       mean_data_1[2]     -0.40      0.00     -0.40     -0.41     -0.40     41.55      1.00
       mean_data_1[3]      0.15      0.00      0.15      0.14      0.15     39.24      1.02
       mean_data_1[4]     -0.04      0.00     -0.04     -0.04     -0.03     20.15      1.14
       mean_data_1[5]      0.02      0.00      0.02      0.01      0.02     39.08      1.04
       mean_data_1[6]      0.10      0.00      0.10      0.10      0.11     24.58      1.18
       mean_data_1[7]      0.00      0.00      0.00      0.00      0.01     37.61      1.02
       mean_data_2[0]     -0.68      0.00     -0.68     -0.69     -0.68     58.58      1.00
       mean_data_2[1]      1.48      0.00      1.48      1.48      1.48     71.12      1.02
       mean_data_2[2]      1.01      0.00      1.01      1.01      1.02     50.98      1.04
       mean_data_2[3]     -0.01      0.00     -0.01     -0.01     -0.00     62.83      1.01
       mean_data_2[4]      0.00      0.00      0.00     -0.00      0.01     41.61      1.01
       mean_data_2[5]      0.00      0.00      0.00     -0.00      0.01     56.36      1.00
       mean_data_2[6]     -0.01      0.00     -0.01     -0.01     -0.00     96.57      1.02
       mean_data_2[7]     -0.00      0.00     -0.00     -0.01      0.00     29.80      1.02
       mean_data_3[0]     -3.91      0.00     -3.91     -3.92     -3.91     31.19      1.09
       mean_data_3[1]     -0.44      0.00     -0.44     -0.45     -0.44     32.32      1.04
       mean_data_3[2]      0.11      0.00      0.11      0.10      0.11     96.63      1.01
       mean_data_3[3]      0.03      0.00      0.03      0.02      0.03     26.54      1.02
       mean_data_3[4]      0.03      0.00      0.03      0.02      0.03     29.36      1.00
       mean_data_3[5]     -0.00      0.00     -0.00     -0.01      0.00     33.06      1.06
       mean_data_3[6]      0.01      0.00      0.01      0.01      0.01     44.95      1.00
       mean_data_3[7]      0.01      0.00      0.01      0.00      0.01     36.00      1.05
       mean_data_4[0]      1.10      0.00      1.10      1.10      1.11     60.78      0.99
       mean_data_4[1]      0.54      0.00      0.54      0.54      0.54     36.38      1.02
       mean_data_4[2]     -0.54      0.00     -0.54     -0.55     -0.54     43.97      1.04
       mean_data_4[3]      0.00      0.00      0.00     -0.00      0.01     21.83      1.08
       mean_data_4[4]      0.05      0.00      0.05      0.04      0.05     33.31      1.02
       mean_data_4[5]     -0.01      0.00     -0.01     -0.02     -0.01     22.93      1.06
       mean_data_4[6]     -0.04      0.00     -0.04     -0.05     -0.04     32.11      1.00
       mean_data_4[7]      0.01      0.00      0.01      0.00      0.01     31.79      1.03
       mean_data_5[0]     -2.70      0.00     -2.70     -2.70     -2.70     32.36      1.07
       mean_data_5[1]     -0.03      0.00     -0.03     -0.04     -0.03     41.04      1.02
       mean_data_5[2]     -0.20      0.00     -0.20     -0.21     -0.20     48.40      1.01
       mean_data_5[3]     -0.10      0.00     -0.10     -0.10     -0.09     45.56      0.99
       mean_data_5[4]     -0.10      0.00     -0.10     -0.10     -0.10     50.88      1.00
       mean_data_5[5]      0.01      0.00      0.01      0.00      0.01     42.50      1.06
       mean_data_5[6]     -0.01      0.00     -0.01     -0.01     -0.00     92.29      0.99
       mean_data_5[7]     -0.02      0.00     -0.02     -0.03     -0.02     40.86      1.06
       mean_data_6[0]      6.87      0.00      6.87      6.87      6.87     39.65      1.07
       mean_data_6[1]     -0.65      0.00     -0.65     -0.65     -0.64     39.33      1.04
       mean_data_6[2]      0.31      0.00      0.31      0.30      0.31     48.11      1.00
       mean_data_6[3]     -0.04      0.00     -0.04     -0.05     -0.04     67.13      1.01
       mean_data_6[4]     -0.00      0.00     -0.00     -0.00      0.00     60.91      1.05
       mean_data_6[5]     -0.00      0.00     -0.00     -0.00      0.00     32.46      1.16
       mean_data_6[6]     -0.01      0.00     -0.01     -0.02     -0.01     31.84      1.06
       mean_data_6[7]     -0.00      0.00     -0.00     -0.00      0.00     38.57      1.06
                 mu_1      3.55      0.02      3.55      3.52      3.59     54.60      1.00
                 mu_2      2.84      0.01      2.84      2.82      2.86    119.47      1.03
                 mu_3      1.74      0.01      1.74      1.72      1.75    142.08      1.00
                 mu_4      0.02      0.03      0.01     -0.02      0.07      4.26      1.72

Number of divergences: 132
