
                mean       std    median      5.0%     95.0%     n_eff     r_hat
      mu_1      3.60      0.00      3.60      3.59      3.60      6.92      2.79
      mu_2      2.43      0.21      2.31      2.28      2.87      2.37      3.69
      mu_3      1.46      0.14      1.36      1.33      1.69      2.02    156.62
      mu_4     -0.00      0.01     -0.00     -0.02      0.00      2.03     30.04
     pi[0]      0.16      0.00      0.17      0.16      0.17      2.02    106.09
     pi[1]      0.17      0.00      0.17      0.17      0.17      2.02     44.38
     pi[2]      0.16      0.00      0.16      0.16      0.17      2.02     48.71
     pi[3]      0.17      0.01      0.17      0.16      0.18      2.02     99.98
     pi[4]      0.17      0.00      0.17      0.17      0.17      2.02     26.41
     pi[5]      0.17      0.00      0.17      0.16      0.17      2.02    143.64

Number of divergences: 152
