
                           mean       std    median      5.0%     95.0%     n_eff     r_hat
cov_eigen_values_1[0]      0.41      0.04      0.40      0.35      0.46      5.29      0.99
cov_eigen_values_1[1]      0.10      0.02      0.10      0.07      0.12      6.11      1.32
cov_eigen_values_1[2]      0.05      0.01      0.05      0.04      0.06     52.00      1.00
cov_eigen_values_1[3]      0.04      0.01      0.04      0.03      0.05     35.71      1.02
cov_eigen_values_1[4]      0.02      0.00      0.02      0.02      0.03     40.40      1.02
cov_eigen_values_1[5]      0.00      0.00      0.00      0.00      0.00     77.12      1.00
cov_eigen_values_1[6]      0.02      0.00      0.02      0.01      0.02    105.21      1.02
cov_eigen_values_1[7]      0.01      0.00      0.01      0.01      0.01    173.66      0.99
cov_eigen_values_2[0]      0.54      0.07      0.52      0.44      0.66      5.32      1.62
cov_eigen_values_2[1]      0.07      0.01      0.07      0.06      0.08     27.85      0.99
cov_eigen_values_2[2]      0.07      0.01      0.07      0.05      0.08     14.44      1.07
cov_eigen_values_2[3]      0.05      0.01      0.05      0.04      0.06     36.00      1.01
cov_eigen_values_2[4]      0.05      0.01      0.05      0.04      0.05     57.62      1.03
cov_eigen_values_2[5]      0.01      0.00      0.01      0.01      0.01     86.33      0.99
cov_eigen_values_2[6]      0.02      0.00      0.02      0.02      0.02    161.70      0.99
cov_eigen_values_2[7]      0.03      0.00      0.03      0.02      0.04     57.85      1.03
cov_eigen_values_3[0]      0.34      0.03      0.34      0.29      0.38      6.45      1.29
cov_eigen_values_3[1]      0.14      0.02      0.14      0.12      0.18     11.57      1.10
cov_eigen_values_3[2]      0.00      0.00      0.00      0.00      0.01     65.88      1.00
cov_eigen_values_3[3]      0.02      0.00      0.02      0.02      0.02    290.78      0.99
cov_eigen_values_3[4]      0.07      0.01      0.07      0.06      0.08     20.02      1.02
cov_eigen_values_3[5]      0.05      0.00      0.05      0.04      0.05     64.65      1.04
cov_eigen_values_3[6]      0.07      0.01      0.06      0.06      0.08     28.67      1.00
cov_eigen_values_3[7]      0.06      0.01      0.06      0.05      0.07     31.82      1.07
cov_eigen_values_4[0]      0.19      0.02      0.19      0.16      0.23      3.88      1.58
cov_eigen_values_4[1]      0.09      0.02      0.09      0.06      0.12      7.11      1.11
cov_eigen_values_4[2]      0.06      0.01      0.06      0.04      0.07     20.43      0.99
cov_eigen_values_4[3]      0.04      0.01      0.04      0.03      0.05     58.31      1.00
cov_eigen_values_4[4]      0.03      0.00      0.02      0.02      0.03     55.52      1.00
cov_eigen_values_4[5]      0.00      0.00      0.00      0.00      0.00     68.85      1.01
cov_eigen_values_4[6]      0.02      0.00      0.02      0.01      0.02    172.12      1.01
cov_eigen_values_4[7]      0.01      0.00      0.01      0.01      0.01    313.33      1.00
cov_eigen_values_5[0]      0.55      0.07      0.55      0.44      0.64      6.24      1.04
cov_eigen_values_5[1]      0.07      0.01      0.07      0.05      0.10     12.26      1.06
cov_eigen_values_5[2]      0.07      0.01      0.06      0.05      0.09     12.94      1.18
cov_eigen_values_5[3]      0.04      0.01      0.04      0.03      0.05     26.50      1.02
cov_eigen_values_5[4]      0.03      0.01      0.02      0.02      0.03     37.55      1.00
cov_eigen_values_5[5]      0.01      0.00      0.01      0.01      0.02    141.31      1.00
cov_eigen_values_5[6]      0.00      0.00      0.00      0.00      0.00     83.41      0.99
cov_eigen_values_5[7]      0.00      0.00     -0.00     -0.00      0.00    199.06      0.99
cov_eigen_values_6[0]      0.14      0.02      0.14      0.12      0.17     12.61      1.00
cov_eigen_values_6[1]      0.04      0.00      0.04      0.03      0.04     45.90      1.00
cov_eigen_values_6[2]      0.02      0.00      0.02      0.02      0.03     87.51      0.99
cov_eigen_values_6[3]      0.02      0.00      0.02      0.01      0.02    176.82      1.00
cov_eigen_values_6[4]      0.01      0.00      0.01      0.01      0.02    176.27      1.01
cov_eigen_values_6[5]      0.00      0.00      0.00      0.00      0.00     89.28      1.01
cov_eigen_values_6[6]      0.00      0.00      0.00      0.00      0.00    118.01      0.99
cov_eigen_values_6[7]      0.00      0.00      0.00      0.00      0.00    113.79      1.00
       mean_data_1[0]      3.77      0.04      3.77      3.71      3.82      7.43      1.15
       mean_data_1[1]      0.46      0.01      0.46      0.45      0.48      9.35      0.99
       mean_data_1[2]     -0.37      0.01     -0.37     -0.39     -0.35      7.02      1.24
       mean_data_1[3]      0.12      0.01      0.12      0.11      0.14      7.69      1.18
       mean_data_1[4]     -0.03      0.01     -0.02     -0.04     -0.01     31.87      0.99
       mean_data_1[5]     -0.08      0.01     -0.08     -0.09     -0.07     15.01      1.17
       mean_data_1[6]      0.06      0.01      0.06      0.05      0.07     23.14      1.01
       mean_data_1[7]     -0.02      0.01     -0.02     -0.03     -0.01     23.83      1.09
       mean_data_2[0]      1.04      0.07      1.04      0.93      1.15      9.20      1.11
       mean_data_2[1]      0.55      0.01      0.55      0.55      0.56     33.20      1.02
       mean_data_2[2]     -0.53      0.01     -0.53     -0.54     -0.51      9.61      1.23
       mean_data_2[3]      0.00      0.01     -0.00     -0.01      0.02     16.70      1.09
       mean_data_2[4]      0.05      0.01      0.05      0.04      0.06     20.54      0.99
       mean_data_2[5]      0.04      0.01      0.04      0.02      0.06     11.27      1.22
       mean_data_2[6]     -0.02      0.01     -0.02     -0.03     -0.01     25.39      1.04
       mean_data_2[7]      0.01      0.01      0.01      0.00      0.02     57.51      0.99
       mean_data_3[0]     -3.94      0.02     -3.94     -3.96     -3.91     13.09      1.09
       mean_data_3[1]     -0.45      0.01     -0.45     -0.47     -0.44     12.56      1.13
       mean_data_3[2]      0.10      0.01      0.10      0.09      0.11     26.86      0.99
       mean_data_3[3]      0.03      0.02      0.03      0.01      0.06     12.74      1.01
       mean_data_3[4]      0.03      0.02      0.03      0.00      0.06     16.65      1.03
       mean_data_3[5]     -0.00      0.01     -0.00     -0.01      0.01     32.10      1.03
       mean_data_3[6]      0.01      0.01      0.01      0.00      0.02     22.42      0.99
       mean_data_3[7]      0.00      0.01      0.00     -0.01      0.02     19.20      1.09
       mean_data_4[0]     -2.69      0.03     -2.69     -2.73     -2.63      4.25      1.44
       mean_data_4[1]     -0.03      0.01     -0.03     -0.04     -0.01      4.35      1.50
       mean_data_4[2]     -0.20      0.01     -0.20     -0.22     -0.19      9.08      1.14
       mean_data_4[3]     -0.09      0.01     -0.09     -0.10     -0.08      7.93      1.19
       mean_data_4[4]     -0.11      0.01     -0.11     -0.13     -0.09     10.20      1.25
       mean_data_4[5]     -0.00      0.01     -0.00     -0.02      0.01     12.56      1.06
       mean_data_4[6]     -0.02      0.01     -0.02     -0.03     -0.00      9.68      1.05
       mean_data_4[7]     -0.01      0.01     -0.01     -0.03      0.01     12.88      1.16
       mean_data_5[0]     -0.71      0.13     -0.67     -0.91     -0.50      2.81      2.58
       mean_data_5[1]      1.44      0.01      1.44      1.42      1.46      3.32      2.00
       mean_data_5[2]      1.06      0.02      1.06      1.04      1.10      2.88      2.58
       mean_data_5[3]     -0.01      0.01     -0.01     -0.03      0.00      4.37      1.53
       mean_data_5[4]      0.01      0.02      0.01     -0.01      0.04      3.96      1.90
       mean_data_5[5]     -0.01      0.01     -0.01     -0.02      0.01     16.94      1.00
       mean_data_5[6]     -0.01      0.01     -0.01     -0.03      0.00      8.98      1.17
       mean_data_5[7]     -0.00      0.02      0.00     -0.04      0.03      8.17      1.22
       mean_data_6[0]      6.85      0.00      6.85      6.84      6.86     54.75      0.99
       mean_data_6[1]     -0.66      0.01     -0.66     -0.68     -0.64      9.23      1.01
       mean_data_6[2]      0.28      0.01      0.28      0.27      0.30     10.93      1.01
       mean_data_6[3]     -0.03      0.01     -0.03     -0.04     -0.02      9.47      1.01
       mean_data_6[4]     -0.00      0.00     -0.00     -0.01      0.00     81.49      1.00
       mean_data_6[5]      0.01      0.00      0.01      0.00      0.02     16.07      1.03
       mean_data_6[6]     -0.01      0.01     -0.01     -0.02     -0.00     11.13      1.00
       mean_data_6[7]      0.00      0.00      0.00     -0.00      0.01    118.03      1.00
                 mu_1      3.12      0.08      3.10      3.02      3.25      5.21      1.43
                 mu_2      2.91      0.05      2.89      2.83      2.99     72.44      0.99
                 mu_3      1.68      0.01      1.68      1.66      1.70    166.34      1.00
                 mu_4      0.05      0.07      0.06     -0.07      0.14      6.20      1.18

Number of divergences: 7
