
                           mean       std    median      5.0%     95.0%     n_eff     r_hat
cov_eigen_values_1[0]      0.00      0.00      0.00      0.00      0.00      2.98      2.08
cov_eigen_values_1[1]      0.00      0.00      0.00      0.00      0.00      4.15      1.13
cov_eigen_values_1[2]      0.00      0.00      0.00      0.00      0.00      9.03      1.25
cov_eigen_values_1[3]      0.00      0.00      0.00      0.00      0.00      4.85      1.38
cov_eigen_values_1[4]     -0.00      0.00     -0.00     -0.00     -0.00      8.40      1.04
cov_eigen_values_1[5]      0.00      0.00      0.00      0.00      0.00      2.42      2.95
cov_eigen_values_1[6]     -0.00      0.00     -0.00     -0.00     -0.00      5.13      1.21
cov_eigen_values_1[7]     -0.00      0.00     -0.00     -0.00      0.00      5.26      1.10
cov_eigen_values_2[0]     -0.00      0.00     -0.00     -0.00     -0.00      2.58      2.48
cov_eigen_values_2[1]     -0.00      0.00     -0.00     -0.00     -0.00      2.67      2.35
cov_eigen_values_2[2]      0.00      0.00      0.00      0.00      0.00      2.45      3.08
cov_eigen_values_2[3]      0.00      0.00      0.00      0.00      0.00      9.77      1.00
cov_eigen_values_2[4]      0.00      0.00      0.00      0.00      0.00      6.29      0.99
cov_eigen_values_2[5]      0.00      0.00      0.00      0.00      0.00      7.29      1.56
cov_eigen_values_2[6]     -0.00      0.00     -0.00     -0.00      0.00      3.80      1.39
cov_eigen_values_2[7]     -0.00      0.00     -0.00     -0.00     -0.00      5.71      1.40
cov_eigen_values_3[0]     -0.00      0.00     -0.00     -0.00     -0.00      2.59      2.52
cov_eigen_values_3[1]     -0.00      0.00     -0.00     -0.00     -0.00      6.63      1.21
cov_eigen_values_3[2]     -0.00      0.00     -0.00     -0.00     -0.00      2.79      2.49
cov_eigen_values_3[3]      0.00      0.00      0.00      0.00      0.00      4.89      1.57
cov_eigen_values_3[4]     -0.00      0.00     -0.00     -0.00     -0.00      2.71      3.18
cov_eigen_values_3[5]     -0.00      0.00     -0.00     -0.00     -0.00      4.04      0.99
cov_eigen_values_3[6]     -0.00      0.00     -0.00     -0.00     -0.00     15.51      1.09
cov_eigen_values_3[7]     -0.00      0.00     -0.00     -0.00     -0.00      3.09      1.86
cov_eigen_values_4[0]     -0.00      0.00     -0.00     -0.00     -0.00      2.54      2.61
cov_eigen_values_4[1]      0.00      0.00      0.00      0.00      0.00      3.28      1.80
cov_eigen_values_4[2]      0.00      0.00      0.00      0.00      0.00      5.45      1.33
cov_eigen_values_4[3]     -0.00      0.00     -0.00     -0.00      0.00      2.81      2.67
cov_eigen_values_4[4]     -0.00      0.00     -0.00     -0.00     -0.00      3.37      1.77
cov_eigen_values_4[5]     -0.00      0.00     -0.00     -0.00     -0.00     16.35      0.99
cov_eigen_values_4[6]      0.00      0.00      0.00      0.00      0.00     14.75      0.99
cov_eigen_values_4[7]      0.00      0.00      0.00      0.00      0.00      6.38      1.07
cov_eigen_values_5[0]     -0.00      0.00     -0.00     -0.00     -0.00      9.55      1.12
cov_eigen_values_5[1]      0.00      0.00      0.00      0.00      0.00      7.32      1.06
cov_eigen_values_5[2]      0.00      0.00      0.00      0.00      0.00      4.53      1.06
cov_eigen_values_5[3]      0.00      0.00      0.00      0.00      0.00      3.36      1.77
cov_eigen_values_5[4]     -0.00      0.00     -0.00     -0.00     -0.00      6.23      1.06
cov_eigen_values_5[5]     -0.00      0.00     -0.00     -0.00     -0.00      5.73      1.22
cov_eigen_values_5[6]      0.00      0.00      0.00     -0.00      0.00      4.07      1.67
cov_eigen_values_5[7]     -0.00      0.00     -0.00     -0.00     -0.00      7.50      1.18
cov_eigen_values_6[0]     -0.00      0.00     -0.00     -0.00      0.00      2.52      2.64
cov_eigen_values_6[1]      0.00      0.00      0.00      0.00      0.00      4.05      1.47
cov_eigen_values_6[2]      0.00      0.00      0.00      0.00      0.00      3.27      2.02
cov_eigen_values_6[3]      0.00      0.00      0.00      0.00      0.00      3.22      2.02
cov_eigen_values_6[4]     -0.00      0.00     -0.00     -0.00     -0.00      7.07      1.30
cov_eigen_values_6[5]      0.00      0.00      0.00      0.00      0.00      3.08      2.24
cov_eigen_values_6[6]      0.00      0.00      0.00      0.00      0.00      2.92      2.13
cov_eigen_values_6[7]     -0.00      0.00     -0.00     -0.00     -0.00      3.09      1.87
       mean_data_1[0]     -2.04      0.00     -2.04     -2.04     -2.04      8.96      1.02
       mean_data_1[1]     -0.55      0.00     -0.55     -0.55     -0.55      3.98      1.38
       mean_data_1[2]      0.11      0.00      0.11      0.11      0.11      7.26      1.27
       mean_data_1[3]     -0.51      0.00     -0.51     -0.51     -0.51      8.95      1.00
       mean_data_1[4]      0.12      0.00      0.12      0.12      0.12      2.42      3.47
       mean_data_1[5]     -0.11      0.00     -0.11     -0.11     -0.11      3.82      1.97
       mean_data_1[6]     -0.02      0.00     -0.02     -0.02     -0.02      3.07      1.79
       mean_data_1[7]     -0.02      0.00     -0.02     -0.02     -0.02      2.51      3.83
       mean_data_2[0]      4.01      0.00      4.01      4.01      4.01      2.50      2.48
       mean_data_2[1]     -2.71      0.00     -2.71     -2.71     -2.71      3.29      1.73
       mean_data_2[2]     -0.05      0.00     -0.05     -0.05     -0.05      4.25      1.44
       mean_data_2[3]      0.07      0.00      0.07      0.07      0.07      5.61      1.59
       mean_data_2[4]     -0.02      0.00     -0.02     -0.02     -0.02     13.65      1.01
       mean_data_2[5]     -0.00      0.00     -0.00     -0.00     -0.00      5.70      1.25
       mean_data_2[6]     -0.01      0.00     -0.01     -0.01     -0.01      6.37      1.17
       mean_data_2[7]     -0.01      0.00     -0.01     -0.01     -0.01      3.41      1.51
       mean_data_3[0]     -2.26      0.00     -2.26     -2.26     -2.26      2.92      2.58
       mean_data_3[1]     -0.46      0.00     -0.46     -0.46     -0.46      2.42      2.74
       mean_data_3[2]     -0.11      0.00     -0.11     -0.11     -0.11      3.01      1.98
       mean_data_3[3]      1.04      0.00      1.04      1.04      1.04      3.10      1.96
       mean_data_3[4]     -0.25      0.00     -0.25     -0.25     -0.25      6.44      1.35
       mean_data_3[5]      0.25      0.00      0.25      0.25      0.25      5.51      1.08
       mean_data_3[6]      0.01      0.00      0.01      0.01      0.01      8.77      1.01
       mean_data_3[7]      0.02      0.00      0.02      0.02      0.02      2.82      2.28
       mean_data_4[0]      2.15      0.00      2.15      2.15      2.15      2.53      3.27
       mean_data_4[1]      3.69      0.00      3.69      3.69      3.69      7.51      1.00
       mean_data_4[2]      3.27      0.00      3.27      3.27      3.27      7.57      1.27
       mean_data_4[3]      0.24      0.00      0.24      0.24      0.24      2.63      2.46
       mean_data_4[4]     -0.00      0.00     -0.00     -0.00     -0.00      7.79      1.07
       mean_data_4[5]      0.04      0.00      0.04      0.04      0.04      2.56      2.51
       mean_data_4[6]      0.06      0.00      0.06      0.06      0.06      6.43      1.27
       mean_data_4[7]      0.03      0.00      0.03      0.03      0.03      3.73      1.51
       mean_data_5[0]      1.77      0.00      1.77      1.77      1.77      9.65      1.29
       mean_data_5[1]      3.49      0.00      3.49      3.49      3.49      9.64      1.13
       mean_data_5[2]     -1.62      0.00     -1.62     -1.62     -1.62      3.50      1.53
       mean_data_5[3]     -0.22      0.00     -0.22     -0.22     -0.22      2.97      1.92
       mean_data_5[4]      0.43      0.00      0.43      0.43      0.43      4.72      0.99
       mean_data_5[5]      0.22      0.00      0.22      0.22      0.22      4.55      1.10
       mean_data_5[6]      0.48      0.00      0.48      0.48      0.48      4.04      1.04
       mean_data_5[7]     -0.09      0.00     -0.09     -0.09     -0.09      5.80      1.29
       mean_data_6[0]      1.63      0.00      1.63      1.63      1.63      5.66      1.14
       mean_data_6[1]      3.63      0.00      3.63      3.63      3.63      4.15      0.99
       mean_data_6[2]     -1.35      0.00     -1.35     -1.35     -1.35      2.90      2.12
       mean_data_6[3]     -0.04      0.00     -0.04     -0.04     -0.04      2.92      2.26
       mean_data_6[4]     -0.25      0.00     -0.25     -0.25     -0.25      3.09      1.93
       mean_data_6[5]     -0.14      0.00     -0.14     -0.14     -0.14      3.98      1.61
       mean_data_6[6]     -0.26      0.00     -0.26     -0.26     -0.26      8.99      1.20
       mean_data_6[7]      0.08      0.00      0.08      0.08      0.08      4.17      1.78
                 mu_1      0.03      0.00      0.03      0.03      0.03      4.28      1.52
                 mu_2      0.00      0.00      0.00      0.00      0.00      2.55      2.43

Number of divergences: 0
