
                mean       std    median      5.0%     95.0%     n_eff     r_hat
<<<<<<< HEAD
      mu_1      3.19      0.00      3.19      3.19      3.19    307.48      1.00
      mu_2      2.96      0.00      2.96      2.96      2.97    289.92      1.01
      mu_3      1.32      0.00      1.32      1.31      1.32    286.87      1.00
      mu_4     -0.04      0.01     -0.04     -0.05     -0.03     43.46      1.10

Number of divergences: 2
=======
      mu_1      3.19      0.01      3.19      3.17      3.19      2.05      5.86
      mu_2      2.93      0.05      2.96      2.84      2.97      2.01     21.09
      mu_3      1.31      0.02      1.32      1.27      1.32      2.03      7.78
      mu_4     -0.13      0.15     -0.04     -0.40     -0.04      2.00     41.02
     pi[0]      0.15      0.02      0.15      0.12      0.18      7.85      1.16
     pi[1]      0.10      0.04      0.08      0.06      0.17      2.17      3.37
     pi[2]      0.32      0.09      0.35      0.17      0.40      2.12      3.97
     pi[3]      0.18      0.02      0.17      0.15      0.21     57.06      1.03
     pi[4]      0.15      0.02      0.15      0.12      0.18      9.19      1.13
     pi[5]      0.11      0.04      0.10      0.07      0.17      2.27      2.79

Number of divergences: 1003
>>>>>>> 4a64afdd8a95aa19b435a4694423de34e166c9f4
