
                           mean       std    median      5.0%     95.0%     n_eff     r_hat
cov_eigen_values_1[0]      0.43      0.03      0.42      0.38      0.47     11.73      1.13
cov_eigen_values_1[1]      0.09      0.01      0.09      0.07      0.10     19.51      0.99
cov_eigen_values_1[2]      0.05      0.01      0.05      0.04      0.06     14.72      1.00
cov_eigen_values_1[3]      0.03      0.01      0.03      0.03      0.04     24.04      1.03
cov_eigen_values_1[4]      0.02      0.00      0.02      0.02      0.03     85.99      1.02
cov_eigen_values_1[5]      0.00      0.00      0.00      0.00      0.00    111.82      1.03
cov_eigen_values_1[6]      0.02      0.00      0.02      0.01      0.02     56.27      0.99
cov_eigen_values_1[7]      0.01      0.00      0.01      0.01      0.01    213.41      0.99
cov_eigen_values_2[0]      0.62      0.11      0.59      0.50      0.86      3.32      1.87
cov_eigen_values_2[1]      0.07      0.01      0.07      0.06      0.09     24.80      1.02
cov_eigen_values_2[2]      0.07      0.01      0.07      0.05      0.09     14.46      1.01
cov_eigen_values_2[3]      0.05      0.01      0.05      0.04      0.06     48.69      1.00
cov_eigen_values_2[4]      0.05      0.01      0.05      0.04      0.06     55.01      0.99
cov_eigen_values_2[5]      0.01      0.00      0.01      0.01      0.01    179.22      0.99
cov_eigen_values_2[6]      0.02      0.00      0.02      0.01      0.02    174.85      1.00
cov_eigen_values_2[7]      0.03      0.00      0.03      0.03      0.04    100.98      1.00
cov_eigen_values_3[0]      0.33      0.02      0.33      0.31      0.37      8.23      1.31
cov_eigen_values_3[1]      0.14      0.01      0.15      0.12      0.16     14.79      1.01
cov_eigen_values_3[2]      0.00      0.00      0.00      0.00      0.00     62.46      1.01
cov_eigen_values_3[3]      0.02      0.00      0.02      0.02      0.02    166.04      0.99
cov_eigen_values_3[4]      0.07      0.01      0.07      0.06      0.08     41.29      1.06
cov_eigen_values_3[5]      0.05      0.00      0.05      0.04      0.06     72.35      1.02
cov_eigen_values_3[6]      0.06      0.00      0.06      0.06      0.07     80.60      1.00
cov_eigen_values_3[7]      0.06      0.01      0.06      0.05      0.06     68.33      1.00
cov_eigen_values_4[0]      0.23      0.03      0.23      0.19      0.28      5.40      1.34
cov_eigen_values_4[1]      0.09      0.01      0.08      0.06      0.10     17.32      1.00
cov_eigen_values_4[2]      0.06      0.01      0.06      0.05      0.07     26.48      1.04
cov_eigen_values_4[3]      0.04      0.01      0.04      0.03      0.05     41.46      0.99
cov_eigen_values_4[4]      0.02      0.00      0.02      0.02      0.03    103.13      0.99
cov_eigen_values_4[5]      0.00      0.00      0.00      0.00      0.00     86.07      1.00
cov_eigen_values_4[6]      0.02      0.00      0.02      0.01      0.02    160.91      1.00
cov_eigen_values_4[7]      0.01      0.00      0.01      0.01      0.01    177.07      1.00
cov_eigen_values_5[0]      0.50      0.06      0.50      0.42      0.60      4.08      1.15
cov_eigen_values_5[1]      0.10      0.02      0.10      0.08      0.14      9.46      1.02
cov_eigen_values_5[2]      0.07      0.01      0.06      0.05      0.09      8.75      1.11
cov_eigen_values_5[3]      0.04      0.01      0.04      0.03      0.05     14.65      1.05
cov_eigen_values_5[4]      0.02      0.00      0.02      0.02      0.03     60.84      1.03
cov_eigen_values_5[5]      0.01      0.00      0.01      0.01      0.02    164.16      0.99
cov_eigen_values_5[6]      0.00      0.00      0.00      0.00      0.00     82.84      1.00
cov_eigen_values_5[7]     -0.00      0.00     -0.00     -0.00      0.00    103.19      1.02
cov_eigen_values_6[0]      0.14      0.02      0.14      0.12      0.17     10.67      1.03
cov_eigen_values_6[1]      0.04      0.00      0.04      0.03      0.05     65.86      0.99
cov_eigen_values_6[2]      0.02      0.00      0.02      0.02      0.03     82.01      0.99
cov_eigen_values_6[3]      0.02      0.00      0.02      0.01      0.02    107.62      1.04
cov_eigen_values_6[4]      0.01      0.00      0.01      0.01      0.02    227.04      1.00
cov_eigen_values_6[5]      0.00      0.00      0.00      0.00      0.00    189.42      0.99
cov_eigen_values_6[6]      0.00      0.00      0.00      0.00      0.00    143.51      0.99
cov_eigen_values_6[7]      0.00      0.00      0.00      0.00      0.00    134.46      0.99
       mean_data_1[0]      3.82      0.05      3.82      3.76      3.90      4.29      1.46
       mean_data_1[1]      0.45      0.01      0.45      0.44      0.46     10.24      0.99
       mean_data_1[2]     -0.36      0.02     -0.37     -0.39     -0.33      3.49      1.62
       mean_data_1[3]      0.13      0.01      0.13      0.12      0.15      4.64      1.48
       mean_data_1[4]     -0.04      0.01     -0.04     -0.05     -0.03     15.35      1.00
       mean_data_1[5]     -0.08      0.01     -0.08     -0.09     -0.07     19.15      1.01
       mean_data_1[6]      0.07      0.01      0.07      0.06      0.08     42.80      1.00
       mean_data_1[7]     -0.02      0.01     -0.02     -0.03     -0.00     10.15      1.06
       mean_data_2[0]      1.10      0.07      1.09      1.00      1.21      3.35      2.71
       mean_data_2[1]      0.56      0.01      0.56      0.55      0.57     19.05      1.10
       mean_data_2[2]     -0.52      0.01     -0.52     -0.54     -0.51     14.98      1.17
       mean_data_2[3]      0.00      0.01      0.00     -0.01      0.02     15.45      1.32
       mean_data_2[4]      0.04      0.01      0.04      0.02      0.06     19.45      1.00
       mean_data_2[5]      0.04      0.01      0.04      0.02      0.06      5.49      1.68
       mean_data_2[6]     -0.02      0.01     -0.02     -0.03     -0.01     20.61      1.16
       mean_data_2[7]      0.01      0.01      0.01      0.00      0.02     31.17      1.02
       mean_data_3[0]     -3.92      0.02     -3.92     -3.96     -3.90      7.38      1.28
       mean_data_3[1]     -0.44      0.01     -0.44     -0.46     -0.44      7.30      1.23
       mean_data_3[2]      0.10      0.01      0.10      0.09      0.11     20.03      1.01
       mean_data_3[3]      0.04      0.02      0.04      0.00      0.06     13.16      1.05
       mean_data_3[4]      0.02      0.02      0.02     -0.01      0.04      3.71      1.69
       mean_data_3[5]     -0.00      0.01     -0.00     -0.01      0.00     24.16      1.07
       mean_data_3[6]      0.01      0.01      0.01     -0.00      0.02     19.59      1.13
       mean_data_3[7]      0.00      0.01      0.00     -0.01      0.01     19.66      1.02
       mean_data_4[0]     -2.73      0.02     -2.73     -2.77     -2.70      8.35      1.52
       mean_data_4[1]     -0.04      0.01     -0.04     -0.05     -0.02     12.63      1.25
       mean_data_4[2]     -0.19      0.01     -0.19     -0.21     -0.18     14.01      1.04
       mean_data_4[3]     -0.09      0.01     -0.09     -0.10     -0.08     18.82      1.02
       mean_data_4[4]     -0.11      0.01     -0.11     -0.12     -0.09      9.24      1.15
       mean_data_4[5]      0.00      0.01      0.00     -0.02      0.01      7.88      1.31
       mean_data_4[6]     -0.01      0.01     -0.01     -0.03      0.00      6.21      1.53
       mean_data_4[7]     -0.01      0.01     -0.00     -0.02      0.01     20.73      1.08
       mean_data_5[0]     -0.76      0.16     -0.71     -1.02     -0.54      2.93      2.14
       mean_data_5[1]      1.44      0.01      1.44      1.42      1.46      2.91      2.21
       mean_data_5[2]      1.07      0.03      1.06      1.04      1.12      3.30      1.88
       mean_data_5[3]     -0.01      0.01     -0.01     -0.03      0.01      3.31      2.21
       mean_data_5[4]     -0.00      0.02     -0.00     -0.04      0.03      3.82      1.58
       mean_data_5[5]      0.00      0.01      0.00     -0.01      0.02      8.89      0.99
       mean_data_5[6]     -0.01      0.01     -0.01     -0.02      0.01      7.13      1.00
       mean_data_5[7]     -0.00      0.03     -0.00     -0.05      0.05      4.35      1.64
       mean_data_6[0]      6.85      0.00      6.85      6.85      6.86     42.46      1.02
       mean_data_6[1]     -0.65      0.01     -0.65     -0.66     -0.63      5.56      1.56
       mean_data_6[2]      0.30      0.01      0.29      0.28      0.31      8.99      1.39
       mean_data_6[3]     -0.04      0.00     -0.04     -0.05     -0.03      7.99      1.46
       mean_data_6[4]     -0.00      0.00     -0.00     -0.01      0.00    112.49      1.01
       mean_data_6[5]      0.01      0.00      0.01      0.00      0.01     22.36      1.18
       mean_data_6[6]     -0.01      0.00     -0.01     -0.01      0.00      8.54      1.32
       mean_data_6[7]      0.00      0.00      0.00     -0.00      0.01    160.55      1.00
                 mu_1      3.15      0.09      3.15      3.01      3.27      3.35      1.65
                 mu_2      2.92      0.06      2.91      2.84      3.01     75.45      1.00
                 mu_3      1.68      0.01      1.68      1.66      1.70    157.39      1.00
                 mu_4      0.03      0.11     -0.00     -0.12      0.18      2.61      2.81

Number of divergences: 6
