
                           mean       std    median      5.0%     95.0%     n_eff     r_hat
cov_eigen_values_1[0]      0.48      0.04      0.48      0.45      0.56      6.64      1.49
cov_eigen_values_1[1]      0.08      0.01      0.08      0.06      0.11     10.26      1.10
cov_eigen_values_1[2]      0.05      0.01      0.05      0.04      0.07     19.69      1.04
cov_eigen_values_1[3]      0.03      0.00      0.03      0.03      0.04     80.99      1.00
cov_eigen_values_1[4]      0.02      0.00      0.02      0.02      0.03     72.08      1.02
cov_eigen_values_1[5]      0.00      0.00      0.00      0.00      0.00     54.07      1.02
cov_eigen_values_1[6]      0.02      0.00      0.02      0.01      0.02     85.07      1.02
cov_eigen_values_1[7]      0.01      0.00      0.01      0.01      0.01    177.83      1.00
cov_eigen_values_2[0]      0.56      0.04      0.56      0.50      0.62     22.08      1.13
cov_eigen_values_2[1]      0.07      0.01      0.07      0.06      0.09     41.06      1.00
cov_eigen_values_2[2]      0.07      0.01      0.07      0.06      0.08     39.51      1.07
cov_eigen_values_2[3]      0.05      0.01      0.05      0.04      0.06     43.58      1.01
cov_eigen_values_2[4]      0.05      0.01      0.05      0.04      0.05     82.11      1.04
cov_eigen_values_2[5]      0.01      0.00      0.01      0.01      0.01     58.63      1.04
cov_eigen_values_2[6]      0.02      0.00      0.02      0.02      0.02    280.97      1.00
cov_eigen_values_2[7]      0.03      0.00      0.03      0.03      0.04    113.05      1.00
cov_eigen_values_3[0]      0.32      0.03      0.33      0.27      0.36      6.56      1.32
cov_eigen_values_3[1]      0.14      0.01      0.14      0.12      0.15     33.70      1.00
cov_eigen_values_3[2]      0.00      0.00      0.00      0.00      0.00    137.48      1.00
cov_eigen_values_3[3]      0.02      0.00      0.02      0.02      0.02    164.33      0.99
cov_eigen_values_3[4]      0.07      0.01      0.07      0.06      0.08     56.02      0.99
cov_eigen_values_3[5]      0.05      0.00      0.05      0.04      0.05     74.39      0.99
cov_eigen_values_3[6]      0.06      0.01      0.06      0.05      0.07     41.53      1.04
cov_eigen_values_3[7]      0.06      0.01      0.06      0.05      0.07     84.16      0.99
cov_eigen_values_4[0]      0.20      0.01      0.20      0.18      0.22     13.67      1.13
cov_eigen_values_4[1]      0.08      0.01      0.08      0.06      0.10     21.54      1.08
cov_eigen_values_4[2]      0.06      0.01      0.06      0.04      0.08     26.05      1.01
cov_eigen_values_4[3]      0.04      0.01      0.04      0.03      0.05     46.96      1.00
cov_eigen_values_4[4]      0.02      0.00      0.02      0.02      0.03    107.33      0.99
cov_eigen_values_4[5]      0.00      0.00      0.00      0.00      0.00     72.36      1.08
cov_eigen_values_4[6]      0.02      0.00      0.02      0.01      0.02    157.53      0.99
cov_eigen_values_4[7]      0.01      0.00      0.01      0.01      0.01    158.74      0.99
cov_eigen_values_5[0]      0.59      0.04      0.59      0.54      0.65      9.55      1.05
cov_eigen_values_5[1]      0.07      0.02      0.07      0.05      0.11     12.95      0.99
cov_eigen_values_5[2]      0.06      0.01      0.06      0.05      0.08     24.03      1.09
cov_eigen_values_5[3]      0.04      0.01      0.04      0.03      0.05     38.89      1.07
cov_eigen_values_5[4]      0.03      0.01      0.02      0.02      0.03     56.41      1.00
cov_eigen_values_5[5]      0.01      0.00      0.01      0.01      0.02    111.80      1.00
cov_eigen_values_5[6]      0.00      0.00      0.00      0.00      0.00    120.60      0.99
cov_eigen_values_5[7]      0.00      0.00     -0.00     -0.00      0.00    153.10      0.99
cov_eigen_values_6[0]      0.14      0.02      0.14      0.11      0.18     10.48      1.26
cov_eigen_values_6[1]      0.04      0.00      0.04      0.03      0.04     85.53      0.99
cov_eigen_values_6[2]      0.02      0.00      0.02      0.02      0.03    101.76      1.04
cov_eigen_values_6[3]      0.02      0.00      0.02      0.01      0.02    110.14      0.99
cov_eigen_values_6[4]      0.01      0.00      0.01      0.01      0.02    178.52      1.02
cov_eigen_values_6[5]      0.00      0.00      0.00      0.00      0.00     69.80      1.00
cov_eigen_values_6[6]      0.00      0.00      0.00      0.00      0.00     69.26      1.00
cov_eigen_values_6[7]      0.00      0.00      0.00      0.00      0.00     55.71      1.00
       mean_data_1[0]      3.72      0.00      3.72      3.72      3.73    161.14      0.99
       mean_data_1[1]      0.46      0.00      0.46      0.46      0.47    222.90      1.00
       mean_data_1[2]     -0.38      0.00     -0.38     -0.39     -0.38    284.09      0.99
       mean_data_1[3]      0.13      0.00      0.13      0.13      0.14    336.88      0.99
       mean_data_1[4]     -0.03      0.00     -0.03     -0.04     -0.02    116.34      0.99
       mean_data_1[5]     -0.08      0.00     -0.08     -0.09     -0.08    129.94      1.00
       mean_data_1[6]      0.06      0.00      0.06      0.06      0.07    340.35      0.99
       mean_data_1[7]     -0.02      0.00     -0.02     -0.02     -0.01    351.07      0.99
       mean_data_2[0]      1.05      0.00      1.05      1.05      1.06    253.16      1.00
       mean_data_2[1]      0.56      0.00      0.56      0.55      0.56    281.41      0.99
       mean_data_2[2]     -0.53      0.00     -0.53     -0.53     -0.52    235.37      1.00
       mean_data_2[3]      0.00      0.00      0.00     -0.00      0.01    181.31      1.00
       mean_data_2[4]      0.05      0.00      0.05      0.04      0.05    246.82      1.00
       mean_data_2[5]      0.04      0.00      0.04      0.04      0.04    339.72      1.00
       mean_data_2[6]     -0.02      0.00     -0.02     -0.02     -0.02    426.54      0.99
       mean_data_2[7]      0.01      0.00      0.01      0.01      0.02    334.20      0.99
       mean_data_3[0]     -3.92      0.00     -3.92     -3.92     -3.91    262.72      0.99
       mean_data_3[1]     -0.44      0.00     -0.44     -0.45     -0.44    324.62      1.00
       mean_data_3[2]      0.10      0.00      0.10      0.09      0.10    263.43      1.00
       mean_data_3[3]      0.02      0.00      0.02      0.02      0.03    166.13      1.00
       mean_data_3[4]      0.03      0.00      0.03      0.02      0.03    200.75      0.99
       mean_data_3[5]     -0.00      0.00     -0.00     -0.01      0.00    507.34      0.99
       mean_data_3[6]      0.01      0.00      0.01      0.01      0.01    197.37      1.00
       mean_data_3[7]      0.00      0.00      0.00     -0.00      0.01    223.79      1.00
       mean_data_4[0]     -2.69      0.00     -2.69     -2.69     -2.68    115.80      1.00
       mean_data_4[1]     -0.03      0.00     -0.03     -0.03     -0.02    314.54      0.99
       mean_data_4[2]     -0.20      0.00     -0.20     -0.21     -0.20    290.93      0.99
       mean_data_4[3]     -0.09      0.00     -0.09     -0.09     -0.08    368.33      0.99
       mean_data_4[4]     -0.11      0.00     -0.11     -0.11     -0.10    158.65      0.99
       mean_data_4[5]     -0.00      0.00     -0.00     -0.01     -0.00    361.64      0.99
       mean_data_4[6]     -0.02      0.00     -0.02     -0.02     -0.01    305.33      0.99
       mean_data_4[7]     -0.01      0.00     -0.01     -0.02     -0.01    158.36      1.01
       mean_data_5[0]     -0.73      0.00     -0.73     -0.74     -0.72    288.96      1.01
       mean_data_5[1]      1.44      0.00      1.44      1.44      1.44    340.99      0.99
       mean_data_5[2]      1.07      0.00      1.07      1.06      1.07    263.92      1.00
       mean_data_5[3]     -0.01      0.00     -0.01     -0.02     -0.01    351.29      0.99
       mean_data_5[4]      0.00      0.00      0.00     -0.00      0.01    213.49      1.00
       mean_data_5[5]      0.00      0.00      0.00     -0.00      0.01    425.04      0.99
       mean_data_5[6]     -0.01      0.00     -0.01     -0.01     -0.01    256.83      0.99
       mean_data_5[7]     -0.00      0.00     -0.00     -0.01      0.00    318.57      1.01
       mean_data_6[0]      6.85      0.00      6.85      6.85      6.86    367.09      0.99
       mean_data_6[1]     -0.65      0.00     -0.65     -0.66     -0.65    266.35      0.99
       mean_data_6[2]      0.29      0.00      0.29      0.29      0.30    393.66      0.99
       mean_data_6[3]     -0.04      0.00     -0.04     -0.04     -0.04    233.52      1.00
       mean_data_6[4]     -0.00      0.00     -0.00     -0.00      0.00    343.80      0.99
       mean_data_6[5]      0.01      0.00      0.01      0.01      0.01    180.39      0.99
       mean_data_6[6]     -0.01      0.00     -0.01     -0.01     -0.01   1088.86      0.99
       mean_data_6[7]      0.00      0.00      0.00     -0.00      0.01    241.72      0.99
                 mu_1      3.27      0.05      3.25      3.21      3.36      2.67      2.73
                 mu_2      2.36      0.03      2.36      2.31      2.41      6.94      1.23
                 mu_3      1.32      0.07      1.30      1.22      1.43      2.60      2.42
                 mu_4      0.24      0.06      0.23      0.16      0.34      7.08      1.29

Number of divergences: 0
